01000000
00100000
00000110
11111111
01001001
00001000
10001101
01000000
11111110
10100010
00000000
10100000
00000000
10001000
11010000
11111101
11001010
11010000
11111010
01100000
10001101
01001111
11111110
00101100
01001111
11111110
01100000
11011000
01111000
10100010
11111111
10011010
10101001
11010001
10001101
11111111
11111100
10101001
00001111
10001101
01000010
11111110
10101001
00000011
10001101
01000000
11111110
10101001
01111111
10001101
01000011
11111110
10101001
00001111
10001101
01000000
11111110
10101001
00001110
10001101
01000000
11111110
10101001
01011001
00100000
00010100
11111111
00010000
01100110
10101001
00000001
00100000
00010100
11111111
00010000
01011111
10101001
00000111
00100000
00000001
11111111
10101001
01000000
10000101
11111101
10101001
01111111
10001101
11111101
11111100
10101001
00000000
10001101
11111110
11111100
10100000
00000000
00100000
11001000
11111111
10100010
00000100
10111101
11110010
11111111
00100000
11100110
11111111
11001010
00010000
11110111
00100000
11100110
11111111
10011001
00000000
11111101
00011000
01100101
11111111
10000101
11111111
11001000
11010000
11110010
11101110
11111110
11111100
11010000
00000011
11101110
11111101
11111100
11000110
11111101
11010000
11100110
00100000
11100000
11111111
10100101
11111111
11010000
00010110
10101101
00110110
11111110
10001101
10000000
00000001
00001001
00010000
10001101
00110110
11111110
10101101
00110001
11111110
00001001
00000001
10001101
00110001
11111110
01001100
10101011
11111111
10101001
00000110
00100000
00000001
11111111
10101001
11111111
10000101
11010001
10100010
00001010
10111101
10111101
11111111
10011101
00000000
00000001
11001010
00010000
11110111
01001100
00000000
00000001
10101101
00110110
11111110
00101001
11011111
10001101
00110110
11111110
01101100
11111100
11111111
10101001
00010000
10001101
01010001
11111100
10101001
00011100
10001101
01010000
11111100
10001101
01010010
11111100
00100000
11101001
11111111
10101001
00000000
10001101
01010000
11111100
01001100
11101001
11111111
10001101
01010010
11111100
01001100
11101001
11111111
10001101
01010011
11111100
00101100
01010000
11111100
00110000
11111011
10101101
01010010
11111100
01100000
11111111
00000000
00000000
00110000
00001011
00000000
00000000
00000000
00000000
11111111
00011011
11111111
00000000
11111111
